0
0
0
0
0
129.032
133.333
133.333
138.889
143.885
148.148
153.846
153.846
150.376
0
0
0
0
0
173.913
173.913
172.414
172.414
173.913
173.913
173.913
172.414
170.94
169.492
161.29
161.29
152.672
0
0
0
107.527
107.527
147.059
147.059
140.845
140.845
140.845
139.86
138.889
136.986
136.986
259.74
259.74
246.914
212.766
84.0336
212.766
119.76
119.76
119.76
121.212
123.457
123.457
121.212
121.212
121.212
0
0
0
0
0
95.2381
129.032
135.135
135.135
129.87
124.224
121.212
116.959
112.994
107.527
103.627
97.561
93.0233
93.0233
93.8967
93.8967
91.3242
91.3242
96.1538
98.5222
392.157
392.157
114.943
114.943
156.25
157.48
157.48
157.48
0
0
0
0
0
0
0
